.Random.seed <-
c(403L, 393L, 241038711L, -724551010L, -982165160L, -1828904773L, 
1219649113L, 639708648L, -249104362L, -1532738671L, -205493181L, 
1178813266L, 334776292L, 619230759L, -943223171L, 845950836L, 
574669658L, 1135228325L, 1324937663L, -225314234L, -259712816L, 
1901458163L, 760603665L, 1517777472L, -353409506L, 333918441L, 
1007243803L, 1823191594L, -1096755892L, 2047555343L, 36174405L, 
-1271550980L, -709741998L, 1365872589L, 667289991L, -2093876114L, 
2061812808L, 1112530507L, -120106071L, -226796808L, 147205670L, 
833570625L, 791874771L, -1221193598L, 282619572L, -321910217L, 
-1307274963L, 1192534596L, -516456598L, -1233040427L, -1928163985L, 
1129724022L, 1863340960L, -338181021L, -448311039L, -256091024L, 
-2016258034L, -559437703L, 1778395147L, -1105262278L, 166402108L, 
-19181697L, 426083541L, 1074993388L, 1545622082L, 1292039581L, 
1261006871L, -194927234L, -601294024L, -1892334565L, -1536975495L, 
-1797657656L, -38799370L, 1610275377L, 239717475L, -604261326L, 
-536620668L, 845797319L, 1754618525L, 1214392852L, -1429288774L, 
586749189L, -1730887969L, 587875174L, -904748304L, 672121363L, 
-54498383L, 1480726112L, 1623135230L, 2031094665L, -2039817029L, 
-1814243190L, -1606497428L, -1824984849L, -1596875995L, -880638500L, 
1951458226L, 1469794989L, 1610621543L, -1477541490L, -315013528L, 
-1967721877L, -2085860343L, 156693144L, 965051846L, -932641503L, 
1197057459L, -1633947358L, -309015788L, -1219595369L, -1463256179L, 
-785873244L, -421959542L, -1062695179L, -336916145L, 999251542L, 
-2076424960L, -262791101L, -952249375L, 860711760L, 2101607854L, 
166400857L, -1620321941L, 225362138L, 1630562716L, -1517587041L, 
-1274951691L, 265766540L, -1931087006L, 1167170365L, -2085811273L, 
503398494L, -65790568L, 909314299L, -1730128743L, 268399912L, 
374625238L, -1757951919L, 892390147L, 1181977234L, 493131812L, 
-1682069785L, -1504339139L, -947600460L, -1030189030L, 1675588453L, 
678678015L, -1797865338L, 1334660112L, -1283674445L, -82739887L, 
-1505405696L, 1111932894L, 941079593L, 1318247387L, -609132310L, 
-295719284L, 245051855L, 2080408965L, 976559676L, 1455584018L, 
875057165L, 361124679L, 1824041262L, 1956921480L, 2124596619L, 
950263145L, -417919176L, -157584922L, -269556351L, 2084387091L, 
677148354L, -586485388L, 1869613431L, 2130049645L, -1030736636L, 
1083969578L, 1863962005L, 1177604655L, -313319626L, -1012932768L, 
1623303587L, -1291219263L, -269605200L, -973897266L, 402289977L, 
-327653045L, -1236116742L, 83024892L, -1227580353L, 1307051285L, 
2097704492L, -281709822L, 880299997L, -911979817L, 1624294846L, 
-472252424L, 804961243L, 1277638201L, 77242248L, -1010671818L, 
347512177L, -745572445L, -1174651150L, 79554116L, 920340743L, 
883691741L, -303516204L, 2077157626L, 1905365061L, 1215936671L, 
-766516698L, 1646868144L, -1075389613L, 1488991857L, -1584825440L, 
914451262L, -1652559287L, 7775995L, -1859905846L, 1414457388L, 
-512053201L, 528011493L, -855590500L, 1758151666L, 496778861L, 
-785667161L, 1294308814L, -1863417048L, 488125074L, 1278490912L, 
-2038677044L, 921281248L, 404484290L, -613405656L, -1412032596L, 
58366652L, -322515982L, -909986256L, 1505804196L, -1465512520L, 
-1523693734L, -152006512L, 1641118588L, -527245036L, 1018198338L, 
1470021888L, -1891758660L, -166731440L, 816011554L, -1071916472L, 
-1884475380L, -2141170084L, 628476370L, -304482816L, -209914540L, 
-973247256L, 1433092346L, 1704011472L, -88847572L, -1111912204L, 
681318802L, 1950203232L, 1995049996L, -352142112L, -19226014L, 
1800340648L, 1068629068L, -1146415236L, 1722620210L, 1051349616L, 
1499976516L, 2096690136L, -908721286L, -1870100432L, -223252548L, 
1837474388L, -791064510L, -1980305760L, 503440060L, 278547408L, 
-799040158L, 2049662696L, -2098938676L, 1559892476L, 401391090L, 
1461519488L, 1215711732L, 2117753480L, 465652538L, -1788670640L, 
1581624428L, -2084002412L, 107348050L, 1291615712L, -15092532L, 
1774034592L, -1379708542L, 1626781928L, -1372914964L, -1229085380L, 
50352242L, 2115818096L, -1332639196L, -1541728200L, 1949935898L, 
-485931824L, -1600845508L, -836607084L, -115148926L, -951219264L, 
-802585028L, -1778278000L, -800122846L, -1441028856L, 1886967948L, 
-2133061860L, -1466141550L, 1088673152L, -1591570412L, 1709315880L, 
-265951686L, 1774973392L, 992754028L, -1771736140L, 741460498L, 
1272719328L, -2073695796L, 1350154464L, -360575966L, -1020734680L, 
1430329868L, 607814460L, 1439473650L, 673624816L, -930342332L, 
1721134680L, -1136879814L, 754839536L, -2048417092L, 711103764L, 
-1422336830L, -635491232L, -752929412L, 1842204624L, -2112134878L, 
-476981592L, 1306720140L, -1199999812L, -1488123086L, -1770289600L, 
217404596L, 1421263944L, -1870264902L, -247698928L, -1869415188L, 
-97091244L, -761236718L, -930673248L, -915866932L, -1155319200L, 
-2141052990L, -546098392L, 1085725100L, 282357052L, 2101099378L, 
-730301136L, 517703460L, 1361823032L, -1078728998L, 1901264784L, 
-1379681540L, -2101163116L, 1778623554L, 1593718016L, 909891644L, 
2056453456L, -1631849310L, 1674128200L, 1630019340L, -7569700L, 
630968146L, 1113634432L, -245606316L, -1759632408L, 2041191162L, 
-267942576L, 1396895532L, -1593138316L, 862483346L, -796917152L, 
551139212L, -490440864L, 1238053858L, 1840294824L, -1928217396L, 
828193276L, 503416754L, -811133456L, -2080655932L, -1172813480L, 
2016959866L, 282688944L, 356578236L, -350773164L, 1927860162L, 
484069408L, -897625924L, -432780720L, -370182174L, 1213849192L, 
-131133876L, -2103951108L, -1286535182L, 316466432L, 1723224948L, 
1535381512L, 1866535354L, -937316912L, -1812925460L, -1613583468L, 
-679760942L, -1050605728L, -1433263796L, -1674153696L, 2139692930L, 
-1178417432L, -1716832020L, -449440196L, -935341198L, 693573232L, 
1537647652L, -499056840L, 1750759578L, 1745100496L, 1747000508L, 
-1303573868L, 611275394L, 1763614912L, 665081148L, 1698478224L, 
258487842L, 1096725000L, 471317772L, 497767068L, 845497874L, 
1964198272L, 1857821204L, 1164103208L, 1354232122L, 461208528L, 
1656421996L, -439921868L, -557509998L, -1897257632L, -600040116L, 
-788043687L, 153732555L, 1152550460L, 2143549546L, -1726037345L, 
-1350267095L, 99627966L, 1641251500L, 444559357L, -898730169L, 
-1201080272L, -1805233842L, 2073958779L, -188195107L, -1063397622L, 
-2143556056L, -371460463L, 1663524483L, 326623108L, -1673095758L, 
-1525679353L, -951078575L, 92702934L, -1575262796L, -1370611259L, 
-357486321L, 1650880392L, -917750106L, -250007981L, 850890677L, 
1246248210L, -1337481504L, -487523511L, 1169806715L, -1484193716L, 
-663021094L, 752178127L, 534494617L, -2029419090L, -978464068L, 
-1231899859L, 915857623L, -1606686432L, 1166208638L, 1194301515L, 
-943635891L, 73769082L, 681193656L, 242958945L, -1190053869L, 
-1052223948L, 54140994L, 19505239L, 1918653345L, 2074563686L, 
1421040740L, -1478502507L, 2128543935L, -1616027560L, 1233806454L, 
-2003129213L, -1024410427L, -711730718L, -1301151664L, -1379204743L, 
642848427L, 9289244L, 1925110090L, 553294143L, 1206542217L, 107249566L, 
-1927418292L, -1263929315L, 1676601767L, 709094608L, -1387123090L, 
-259393253L, -1302553987L, 1696768106L, -1661039352L, 1636743601L, 
-1212994013L, 421227300L, -2059002926L, 106965031L, -1893965199L, 
-89880394L, -787140524L, 1144164581L, 1036324079L, 1925177384L, 
1886950534L, 3415731L, 327819285L, -1308331406L, -996761920L, 
-924749015L, 1136206235L, 1037579884L, 118159994L, 1472371631L, 
-1674445127L, -800886578L, 2145069596L, -22077043L, 1983901687L, 
1351316224L, 667928926L, 1819814443L, 815064365L, 2087254426L, 
1974450008L, 914243265L, -439017101L, 1855908500L, 103198498L, 
1531525687L, -1325183231L, -30284282L, -501318588L, 1454079349L, 
-1147617057L, -2050407368L, 1378542614L, 1350960163L, -553557019L, 
600647170L, -123696016L, 912235033L, -2131741685L, 527537916L, 
-313086166L, 325968223L, -362366743L, -5971970L, 98743276L, -1054574787L, 
